2
15
22
16
14
5
19
21
26
2
11
4
22
8
18
9
16
25
13
17
23
7
26
20
15
19
5
1
2
12
16
25
22
9
8
14
18
6
26
21
4
9
24
13
19
11
10
23
16
18
15
22
26
1
8
2
17
25
4
21
7
6
5
23
15
20
13
19
1
26
18
8
16
2
9
14
5
24
11
22
7
19
4
26
2
23
25
15
21
16
20
18
6
12
11
13
10
22
17
8
26
2
9
4
23
1
25
5
7
2
22
16
14
19
21
20
11
15
18
8
10
13
26
5
4
16
1
9
22
24
18
23
8
2
6
14
25
12
11
22
17
13
19
7
26
15
16
20
21
5
8
9
11
23
25
17
2
1
8
15
22
13
4
18
23
10
14
26
19
2
21
7
6
22
16
25
18
5
24
20
12
4
8
9
21
15
2
26
23
7
1
11
18
13
19
16
2
17
22
26
6
8
3
25
15
5
12
4
22
11
14
19
10
23
15
9
21
26
20
18
16
2
13
8
25
1
17
7
22
16
6
21
19
18
10
24
5
8
23
20
26
25
15
2
11
4
13
23
9
22
14
8
18
21
1
17
5
25
26
16
19
2
6
12
15
26
11
18
22
7
9
19
23
5
8
20
15
25
22
21
2
10
13
24
6
4
8
16
26
1
17
18
14
15
7
11
23
9
25
2
22
13
12
5
15
16
19
9
23
4
26
1
10
21
24
18
22
13
8
2
25
5
7
19
11
17
4
16
1
22
14
15
6
20
23
9
8
26
13
2
5
25
19
15
21
11
18
26
23
2
22
10
8
5
16
1
12
25
7
21
14
23
4
18
9
